     1   1      15      12      9  
     2   1      14      12      9  
     3   1      13      12      9
     4   2      15      12      13 
     5   2      14      12      15
     6   2      13      12      14
     7   5      12       9      10 
     8   5      12       9       8
     9   3       9       8       3
    10   3       9      10       5
    11   3       8       3       4
    12   3       3       4       5
    13   3       4       5      10
    14   3       8       9      10
    15   4       9       8       7 
    16   4       8       3       2
    17   4       2       3       4
    18   4       3       4       1
    19   4       1       4       5
    20   4       4       5       6
    21   4       6       5      10
    22   4       5      10      11
    23   4       7       8       3  
    24   4      11      10       9
