Atoms

1	1	3	0.115	 3.00	 3.00	 1.00
2	1	3	0.115	 0.85	 3.00	 2.24
3	1	1	-0.115	 1.79	 3.00	 2.78
4	1	1	-0.115	 3.00	 3.00	 2.08
5	1	1	-0.115	 4.21	 3.00	 2.78
6	1	3	0.115	 5.15	 3.00	 2.24
7	1	3	0.115	 0.85	 3.00	 4.72
8	1	1	-0.115	 1.79	 3.00	 4.18
9	1	1	-0.115	 3.00	 3.00	 4.88
10	1	1	-0.115	 4.21	 3.00	 4.18
11	1	3	0.115	 5.15	 3.00	 4.72
12	1	2	-0.065	 3.00	 3.00	 6.39
13	1	4	0.060	 4.03	 3.00	 6.75
14	1	4	0.060	 2.49	 3.89	 6.75
15	1	4	0.060	 2.49	 2.11	 6.75
16	2	3	0.115	10.30	 3.00	 1.00
17	2	3	0.115	 8.15	 3.00	 2.24
18	2	1	-0.115	 9.09	 3.00	 2.78
19	2	1	-0.115	10.30	 3.00	 2.08
20	2	1	-0.115	11.51	 3.00	 2.78
21	2	3	0.115	12.45	 3.00	 2.24
22	2	3	0.115	 8.15	 3.00	 4.72
23	2	1	-0.115	 9.09	 3.00	 4.18
24	2	1	-0.115	10.30	 3.00	 4.88
25	2	1	-0.115	11.51	 3.00	 4.18
26	2	3	0.115	12.45	 3.00	 4.72
27	2	2	-0.065	10.30	 3.00	 6.39
28	2	4	0.060	11.33	 3.00	 6.75
29	2	4	0.060	 9.79	 3.89	 6.75
30	2	4	0.060	 9.79	 2.11	 6.75

Velocities

1	 2.50	 0.00	 0.00
2	 2.50	 0.00	 0.00
3	 2.50	 0.00	 0.00
4	 2.50	 0.00	 0.00
5	 2.50	 0.00	 0.00
6	 2.50	 0.00	 0.00
7	 2.50	 0.00	 0.00
8	 2.50	 0.00	 0.00
9	 2.50	 0.00	 0.00
10	 2.50	 0.00	 0.00
11	 2.50	 0.00	 0.00
12	 2.50	 0.00	 0.00
13	 2.50	 0.00	 0.00
14	 2.50	 0.00	 0.00
15	 2.50	 0.00	 0.00
16	-2.50	 0.00	 0.00
17	-2.50	 0.00	 0.00
18	-2.50	 0.00	 0.00
19	-2.50	 0.00	 0.00
20	-2.50	 0.00	 0.00
21	-2.50	 0.00	 0.00
22	-2.50	 0.00	 0.00
23	-2.50	 0.00	 0.00
24	-2.50	 0.00	 0.00
25	-2.50	 0.00	 0.00
26	-2.50	 0.00	 0.00
27	-2.50	 0.00	 0.00
28	-2.50	 0.00	 0.00
29	-2.50	 0.00	 0.00
30	-2.50	 0.00	 0.00

Bonds

1	1	13	12
2	1	14	12
3	1	15	12
4	2	9	12
5	3	8	9
6	4	7	8
7	3	9	10
8	4	10	11
9	3	8	3
10	4	2	3
11	3	3	4
12	4	1	4
13	3	4	5
14	4	5	6
15	3	5	10
16	1	28	27
17	1	29	27
18	1	30	27
19	2	24	27
20	3	23	24
21	4	22	23
22	3	24	25
23	4	25	26
24	3	23	18
25	4	17	18
26	3	18	19
27	4	16	19
28	3	19	20
29	4	20	21
30	3	20	25

Angles

1	1	15	12	9
2	1	14	12	9
3	1	13	12	9
4	2	15	12	13
5	2	14	12	15
6	2	13	12	14
7	5	12	9	10
8	5	12	9	8
9	3	9	8	3
10	3	9	10	5
11	3	8	3	4
12	3	3	4	5
13	3	4	5	10
14	3	8	9	10
15	4	9	8	7
16	4	8	3	2
17	4	2	3	4
18	4	3	4	1
19	4	1	4	5
20	4	4	5	6
21	4	6	5	10
22	4	5	10	11
23	4	7	8	3
24	4	11	10	9
25	1	30	27	24
26	1	29	27	24
27	1	28	27	24
28	2	30	27	28
29	2	29	27	30
30	2	28	27	29
31	5	27	24	25
32	5	27	24	23
33	3	24	23	18
34	3	24	25	20
35	3	23	18	19
36	3	18	19	20
37	3	19	20	25
38	3	23	24	25
39	4	24	23	22
40	4	23	18	17
41	4	17	18	19
42	4	18	19	16
43	4	16	19	20
44	4	19	20	21
45	4	21	20	25
46	4	20	25	26
47	4	22	23	18
48	4	26	25	24
